98916
23584
62690
69139
33499
62705
87261
13285
86974
11658
98916
19138
61094
69126
82512
38571
96010
39901
22036
25937
99430
98374
62289
22364
51681
98156
37563
69139
82512
86974
26019
61094
84428
88614
13908
39901
33304
98374
51888
52047
78631
51468
12311
51468
59780
65706
74556
98916
40376
83807
17961
65684
24194
13285
88835
61608
98121
70703
51961
12309
83795
50087
14360
99603
54967
99603
23792
82512
29405
11774
82512
62052
29914
61094
52039
62690
40376
66788
66572
22130
40376
80500
28775
83807
66572
99603
80418
98916
28775
20346
31258
10753
20317
34871
15594
47864
44957
42965
62052
97881
62690
29405
68541
50715
24194
62690
42296
20849
82122
15046
85634
77936
68541
31502
61039
31258
20346
37035
98374
94957
97046
40376
89731
54595
62705
97240
63629
84707
61734
97129
67650
67035
68753
66572
16063
15465
54255
66572
98374
72575
18852
66788
90961
61589
62690
68541
12408
85880
54255
50707
64048
73718
75650
78049
29405
42574
22415
69139
44729
23792
92736
98762
77446
69139
18662
20197
18725
22364
75485
60670
34871
35661
66572
78735
95066
28775
69139
60352
98916
39901
77446
33673
28900
60624
34871
74526
31258
27816
57963
19953
56531
98916
24249
38018
97340
28775
35813
66987
33563
23792
83850
29405
28900
53542
15046
28900
98374
82122
72243
70483
39901
86144
98933
50087
23792
66572
22364
29405
62052
98916
34871
13285
86336
61734
34871
28807
44179
14224
34186
66788
23535
80026
63772
71440
40376
34871
79559
36788
91863
98157
20317
28900
19407
62937
66572
37130
22364
82450
57408
26775
34871
13285
28469
98374
93778
14885
98916
97997
73577
34871
61256
61256
54358
55268
28775
65810
24194
98916
69427
39901
32918
66079
36747
94015
34931
78631
39901
74710
66572
50430
99603
98374
63073
20317
98374
22130
35813
31258
29405
67550
99480
38797
40376
40376
24683
62690
12106
74773
91468
17362
98916
24194
94180
89936
53500
98374
24194
78631
96415
35661
53446
51468
66788
62052
77446
20417
23073
91804
51468
20346
47774
99603
35813
77446
51646
79767
34900
77824
14347
60388
23792
15046
22130
17706
32069
62690
66572
50397
78631
86335
62690
13285
68541
43204
30981
23792
98374
14490
73014
99603
51468
31893
77446
75460
31258
39901
76376
35661
34432
52433
29405
40376
51468
65262
83795
72103
54261
86785
35813
86690
60348
98916
13285
83795
62690
62690
35813
78631
39426
83292
22035
44476
18087
98916
66788
13566
42204
35517
79017
82122
23798
22364
51468
98374
95791
93187
20899
48880
13285
72363
16540
88128
13285
13285
80508
98916
66788
97494
76828
49058
27319
94653
39901
68541
50087
39901
66572
13285
54471
81325
82624
23792
29405
20051
68541
49067
51468
96194
61734
34871
74433
62052
11847
14562
61545
50325
71996
78631
24194
17710
27816
78631
83864
88563
87639
40376
34010
37309
57599
15408
76902
62690
35661
31258
50558
28298
62690
61734
25816
15046
35661
69139
78631
61256
97925
35813
55981
55244
36761
78631
15040
20346
10650
29405
62052
23792
89904
78631
66399
62052
13285
69113
34871
86694
17420
18642
12462
22364
50461
98374
83795
81347
83039
42228
34871
62690
98362
98916
64417
26384
66788
35813
77781
78631
86974
30582
98916
66788
29620
35167
66806
23792
45644
19553
54434
82122
20346
61734
61881
34871
82512
22364
33526
35813
61734
86974
69139
73193
74886
25546
40376
61734
51468
78631
22364
46887
75413
66788
39901
36441
38796
66589
61734
40828
84566
20346
38111
99603
51468
13890
98405
34871
98374
37457
35661
14344
40376
51468
32023
64243
78631
81177
28900
17203
82512
29405
16258
68257
13285
77446
75540
82122
34871
66509
22364
84256
31258
45833
61094
62690
10907
56348
51468
32416
51468
78631
31258
50766
80456
19338
50287
23792
37373
95137
52066
22364
91550
95653
22364
89306
61754
81852
23792
33987
78631
77446
78631
34871
98374
51468
52328
12157
34871
51215
11768
20755
28900
64268
56766
39901
69139
83807
29927
66788
65122
22130
66808
61734
77446
98987
40326
97123
28900
13285
61734
49719
38161
97814
77446
40376
71642
62052
98916
22130
66788
74191
86974
26173
39901
90403
61256
14536
98370
29405
23792
68541
98758
77446
15046
83646
13285
20346
86974
15046
14519
47938
43062
72651
77446
91804
31563
98916
51468
97829
51468
42679
66788
22364
59267
39901
69139
20590
31258
78921
45234
82122
62705
22364
53665
52136
56969
20346
91715
68541
20724
46762
77789
14275
33815
36170
40276
77446
50566
86974
98916
95791
35813
99603
48238
66572
15046
81744
43494
26639
28114
62052
27652
29405
68340
83248
14674
83044
62973
29873
24194
61256
12039
69445
75998
68541
98916
35813
56489
38254
29113
53315
52158
95325
96871
50795
10762
85223
45112
86974
68541
89657
83795
85340
91553
29405
42783
66079
35661
18679
28900
46714
61502
40376
69988
26696
89573
48739
11283
63197
27816
58055
52912
20346
32945
15032
66300
39901
98374
64043
71364
62690
67342
36827
47034
27816
76359
27040
18615
49560
83795
27816
61094
53105
61734
67702
31337
24194
51029
22539
39901
66788
66572
16521
34871
82512
99603
61734
40376
86974
54509
28900
31258
98374
71232
35777
95791
68460
77046
24461
15619
14922
68541
52014
82149
57790
77421
48400
24194
14809
22364
86974
29405
20317
51468
15286
49833
89853
63827
62557
56921
23792
22130
61046
63513
61094
40376
98916
22364
21897
80485
83807
93753
69139
58766
78631
66515
40376
69139
99603
54255
49216
61094
68541
27816
66572
66788
52650
82122
28900
93929
29405
77446
36480
96945
13629
95791
70360
58523
61256
61256
66572
99603
66079
37920
62690
50087
19990
92430
21728
66788
75661
70853
22130
51468
95791
62690
98374
83795
59570
39901
35731
16550
83795
77446
23792
23792
15380
99479
75402
78806
68541
44940
52910
23792
72739
35813
39901
99603
66572
34871
39901
69139
29405
20346
35661
31258
61256
86974
40376
72180
97407
98374
90085
88770
99153
62052
31225
62690
66079
17031
86974
35912
22364
62690
68541
40171
68929
17632
77446
79097
59651
22364
83795
75565
66760
31817
15046
27060
61256
11191
61256
39901
39901
99815
34241
73572
65920
62023
78372
10088
39552
99603
83194
44477
45848
81284
42282
40376
98374
68226
31190
77446
46070
35813
48041
35661
34871
61094
66079
44005
86974
69139
23792
23279
25734
60075
35842
89585
51199
61256
82925
88913
49034
85194
20620