63721
83871
55026
21948
11201
96077
41231
71203
53280
31172
56516
59380
96772
63969
20073
20834
92030
84089
18339
28056
75715
70846
56817
97037
32411
41809
76944
58189
21939
45097
62705
95791
31801
69238
39850
26002
64599
44590
78335
82512
57887
27860
72024
47520
97347
13728
52302
33471
14163
20346
80912
95998
32219
46236
98428
40577
91716
60156
54527
42782
42240
15918
42622
22114
87281
91581
52780
46822
30877
33424
32272
78679
36612
42681
48481
69769
64189
54255
54850
12528
86174
65976
63915
66788
83422
90402
85348
14682
45822
13157
38402
80935
65070
32676
31427
42781
55644
30989
38756
39293
30968
56882
65462
76422
34547
72282
92342
25897
14452
75858
75577
20594
39912
69139
64342
71898
53098
39892
10887
97900
67382
10705
68234
51652
51440
97584
21827
96359
15434
93030
56574
24020
23745
40655
97113
81714
27278
36489
30802
26081
61525
82667
73634
64265
21183
77550
29208
54092
40518
89148
50039
38834
62607
15015
97975
92080
83720
93384
40696
97526
61734
38878
20162
77727
27458
36125
75944
86346
44849
65394
39257
17370
61046
73445
23792
33670
31800
37622
34456
82819
36275
71616
14730
62052
55307
75279
89572
66278
84982
99221
86616
31692
51468
48579
52462
80487
99371
70905
39381
62589
24144
16708
43869
39310
85314
95478
61190
21175
13285
99081
10815
93293
95585
65731
99562
93416
49380
95099
94262
50620
16427
18103
17044
35640
27106
99272
68345
47215
99510
59344
56087
54047
18016
72531
59402
92026
56899
45736
43217
77064
56018
76327
72821
63500
68547
42193
81823
72027
59894
22894
49624
85677
59165
15814
18197
48375
94778
86385
41779
52971
91842
22568
14237
76119
54946
71933
86928
10238
80990
28001
47286
70609
15760
36567
11786
18890
46903
50399
89746
31258
49217
71388
65381
26294
97188
36571
68437
40142
51693
29472
85983
83807
36204
22611
66861
86715
24390
78554
16233
46647
18129
74379
39901
28130
15255
90359
36114
69761
40961
32323
72742
18224
79717
63337
83257
70340
37092
11465
93712
70424
79670
53326
61413
28509
10392
20411
10834
46987
84749
64003
37510
67074
86583
74774
27254
24780
74592
19956
87787
27551
27313
11764
16566
52387
32314
50548
66572
23813
10031
98916
85669
41290
79434
41146
21093
22150
77726
86750
52067
22075
80197
43183
48981
49114
17821
66079
61094
22863
79221
37160
43323
27816
23797
52087
69710
37097
58946
25528
95945
10344
25204
20851
49675
60917
38511
50625
92213
14434
16747
98256
13429
10505
56299
11971
82974
71227
17329
86233
64887
67572
42339
37301
99216
21173
39433
56739
19158
99366
78631
64445
84071
76591
72285
86827
97195
94820
51240
19704
82252
90511
39890
28900
89837
27432
12464
51911
70069
38185
61979
44809
50816
88128
68302
65790
18639
43973
32245
32770
80007
81848
48925
36951
44300
39815
33287
81599
83780
76105
66186
30330
85410
32775
96368
36267
63258
29106
82546
11099
78293
96305
29590
62248
28271
28395
64484
25386
27975
62690
36937
14288
58395
71622
29580
19543
91211
67129
71075
35814
24320
68616
81607
16440
20317
34990
46814
48773
16983
76286
43760
89012
76734
82889
94844
87086
79066
60930
14671
15046
23105
15963
17578
19749
73717
55768
81328
98374
74371
62198
18216
83718
97216
21853
95659
54690
99854
60953
29405
77446
74477
59384
22201
41680
70388
79474
95676
81066
50184
92334
63301
88694
29122
35513
34871
27159
92093
97523
75320
50553
69335
31428
63138
65691
18442
95290
30463
13760
63642
38068
88985
86911
81763
60314
79229
54222
41191
94686
48723
53331
82320
13879
77615
21373
99603
74982
61957
49736
71158
46734
91305
15307
88888
96953
73049
25806
28775
88849
73085
82002
92219
94438
74931
19013
61330
45424
85351
43176
92511
74316
52865
90670
60903
13027
70012
28645
29890
90210
83928
84224
52748
25385
29258
22425
83606
86286
78304
46454
68130
84341
32536
46176
18381
74842
99320
36587
65504
62256
62433
18797
46028
34433
55237
67094
59294
18052
37438
89900
86138
17409
41410
36675
93185
68737
12420
28431
79903
85029
87114
10277
91030
60032
26941
40711
66007
36232
77300
82122
93403
10869
32606
36002
37936
36223
90084
13588
92588
76528
91855
65053
31950
20160
98329
59162
78821
73311
83143
61256
68103
62427
50329
93857
50509
12726
91094
62068
88270
98814
96608
21920
85592
56819
60434
68767
23123
64662
26559
72799
83414
35661
22499
90831
31956
53393
30160
40872
96530
73972
23784
51604
24516
51694
54999
71340
33559
97770
57181
11456
43991
39647
31291
24411
50087
36907
84965
80699
70287
30928
29829
45493
96002
86510
58569
95602
60548
87844
64650
91993
25193
93597
44397
16429
36998
46382
73943
18980
52184
27861
78208
39137
71411
11297
24795
45672
20458
68342
48555
14057
45348
69091
32017
47365
69846
42794
55767
79443
97731
78728
51662
86974
66784
21713
67541
63234
75844
72169
68116
39756
49060
86033
77374
54054
10242
39964
16823
35949
45790
85734
39953
19397
30706
62392
36736
41284
91564
27419
35658
88035
58920
24194
41569
88977
59178
91804
68538
45699
64646
49570
42702
10875
54579
30993
46568
36007
41554
28737
47642
95772
91043
84273
75931
40158
40376
52356
63119
85547
48564
61344
20517
69816
33687
39886
85582
16170
32839
59842
40767
14572
94812
29781
25093
22523
69772
24511
95422
18619
71465
80392
75031
88990
62453
10363
33426
34338
19106
16632
93602
70657
87290
48905
19137
74790
17479
59784
35921
63281
49035
42278
88656
18166
15171
25018
58709
26678
51627
71638
52703
54658
63402
62250
20727
66177
11052
16012
14890
68314
27581
68541
96645
79922
45897
46727
92327
97244
97604
10996
54944
51431
44593
57290
44100
88066
64545
15185
81005
24581
18803
31017
52752
55973
41888
54026
45685
39267
74192
48209
43467
83468
22364
22179
61634
45998
41096
17074
34245
38149
87211
39320
35813
72525
17308
26336
16331
18176
28796
91989
76266
79522
46148
91891
29539
97919
14625
33094
75423
64206
91522
36889
98905
67253
86480
47746
54727
39202
83795
19065
73523
63938
64774
86179
19996
49609
22417
90246
25158
27237
20154
80548
83429
82411
36646
89469
69714
17832
98578
26264
23951
91003
14615
78726
31384
22130
83121
87043
25669
61080
29216
19808
12025
49018
71086
26776
94075
51192
18698
77232
18652
47380
91250
54224
22462
96949
18113
76499
13733
47074
30881
41926
51892
56351
39241
43972